29.25024
28.750079
28.249921
27.74976
27.999839
27.0
27.500161
27.500161
28.5
28.750079
29.749921
30.999839
30.500161
30.500161
30.250079
29.749921
30.250079
29.499839
28.249921
29.749921
29.000161
28.750079
28.750079
30.500161
32.25024
32.000161
30.74976
30.74976
29.62512
29.25024
29.499839
29.25024
29.25024
28.750079
28.5
29.25024
29.749921
29.25024
28.750079
28.5
28.750079
27.74976
27.250079
27.500161
27.999839
27.250079
26.749921
28.750079
29.25024
28.750079
28.750079
27.500161
27.999839
27.74976
27.74976
27.74976
27.74976
27.999839
27.74976
27.250079
26.499839
26.000161
25.5
26.000161
25.5
25.249921
26.499839
26.749921
28.249921
29.25024
28.5
28.5
29.25024
29.749921
29.000161
28.750079
29.25024
29.000161
30.0
31.249921
31.249921
30.999839
30.0
28.750079
29.000161
28.5
29.000161
29.000161
29.000161
29.25024
29.749921
29.499839
29.000161
27.999839
27.0
26.749921
26.749921
27.0
26.749921
26.25024
26.000161
26.25024
27.250079
27.74976
27.500161
26.499839
26.749921
26.749921
27.0
26.000161
25.249921
25.750079
24.999839
24.74976
24.74976
24.0
22.750081
23.749919
24.0
24.0
24.500161
24.500161
24.250079
23.00016
23.749919
23.25024
22.750081
22.750081
22.5
21.74976
21.74976
21.74976
21.0
19.5
19.750081
19.249919
18.74976
18.74976
18.0
18.250081
18.74976
18.50016
19.750081
20.00016
18.99984
19.249919
20.00016
18.99984
18.250081
17.749919
17.25024
18.0
19.249919
20.00016
20.749919
21.250081
20.25024
20.00016
20.00016
20.49984
21.50016
21.74976
22.750081
22.750081
22.5
22.750081
22.750081
24.250079
23.25024
21.99984
23.25024
23.25024
22.5
22.750081
21.99984
21.74976
20.749919
20.749919
20.25024
20.749919
21.74976
21.250081
21.250081
21.99984
21.0
20.00016
19.750081
19.5
19.750081
20.00016
19.750081
19.750081
20.25024
19.750081
18.99984
18.99984
19.750081
19.750081
20.49984
19.750081
19.5
19.5
19.249919
19.249919
19.5
20.749919
21.0
21.50016
21.0
20.62512
21.0
20.49984
20.49984
21.50016
21.87504
21.50016
21.74976
21.50016
21.250081
20.749919
20.749919
20.49984
20.749919
20.749919
20.49984
20.749919
21.0
21.50016
22.249919
22.5
23.00016
23.49984
23.749919
23.49984
23.25024
22.750081
22.249919
22.750081
22.5
23.00016
22.750081
22.750081
22.750081
23.25024
23.00016
23.25024
23.00016
23.00016
21.99984
21.99984
21.99984
21.50016
21.74976
21.250081
21.74976
21.99984
23.25024
24.624959
25.249921
25.87488
25.750079
28.249921
29.000161
28.87488
29.000161
29.25024
27.999839
29.499839
30.250079
29.25024
29.499839
29.749921
30.250079
31.249921
35.000161
35.749921
34.750079
35.25024
35.499839
35.25024
35.25024
38.499839
37.5
36.74976
37.5
38.000161
37.750079
37.249921
35.499839
36.500161
37.750079
38.499839
38.25024
38.000161
37.249921
36.74976
37.249921
36.74976
36.0
36.250079
36.500161
35.749921
35.749921
35.749921
38.000161
39.0
39.999839
40.750079
39.500161
39.250079
38.499839
39.500161
42.0
41.499839
39.74976
41.000161
42.500161
43.624801
44.25024
42.875041
44.25024
44.000161
45.74976
44.749921
42.0
41.749921
43.750079
42.999839
44.375041
44.749921
45.250079
45.250079
45.999839
47.25024
48.0
47.749921
47.000161
46.5
47.499839
47.000161
46.5
45.875041
45.74976
44.749921
45.0
45.0
44.749921
44.499839
43.624801
42.250079
42.250079
42.0
42.500161
42.74976
43.249921
44.749921
44.000161
42.0
41.749921
40.750079
40.750079
41.62512
44.000161
44.000161
43.249921
44.000161
42.74976
41.499839
42.74976
42.999839
42.500161
42.500161
43.750079
44.000161
43.750079
44.749921
45.124801
44.749921
45.999839
47.000161
46.5
45.0
44.499839
45.74976
46.624801
47.000161
48.999842
49.249918
49.5
50.499842
49.249918
48.500158
47.499839
46.5
46.249921
46.5
47.25024
47.25024
48.74976
48.74976
47.499839
45.999839
47.499839
48.999842
50.000158
50.25024
51.500158
51.500158
51.250082
51.500158
51.74976
51.250082
50.499842
51.250082
52.5
52.750082
53.749918
54.999842
56.25024
55.5
53.25024
53.749918
52.750082
53.499842
54.0
53.749918
53.499842
54.74976
54.999842
54.74976
54.250082
54.999842
54.500158
55.5
55.750082
56.000158
58.249918
58.87488
58.5
58.5
58.5
58.249918
60.74976
62.375038
62.749918
62.749918
60.999842
60.999842
61.249918
60.0
59.499842
58.750082
56.749918
54.999842
51.0
45.0
42.0
40.249921
34.750079
32.749921
30.0
32.000161
27.75008
29.0
26.49984
26.49984
26.75008
28.49984
28.24992
26.0
23.75008
24.0
25.24992
25.24992
25.50016
24.0
23.50016
23.24992
21.75008
22.49984
24.24992
24.49984
24.0
22.0
22.49984
23.24992
23.37504
22.0
22.75008
24.24992
26.0
25.75008
24.75008
26.0
26.24992
26.24992
27.0
27.0
27.75008
28.0
27.75008
27.75008
27.0
26.24992
26.75008
26.75008
28.24992
29.0
29.24992
28.75008
28.75008
26.75008
27.24992
26.0
26.0
27.75008
26.75008
25.24992
24.62496
24.24992
24.75008
25.50016
25.0
24.49984
25.0
25.75008
26.0
25.0
24.75008
23.75008
24.49984
24.49984
25.0
26.24992
26.24992
26.49984
26.24992
27.0
26.75008
26.75008
28.0
28.75008
28.62496
29.24992
28.24992
28.24992
28.75008
29.50016
30.24992
30.49984
31.50016
31.50016
32.0
32.75008
31.24992
32.49984
32.24992
31.75008
31.75008
32.375038
31.50016
31.75008
32.24992
30.49984
29.50016
29.50016
30.24992
30.24992
29.50016
30.49984
30.49984
31.75008
32.75008
32.75008
33.50016
33.50016
33.0
32.0
31.24992
31.0
31.75008
31.37504
31.75008
31.0
31.50016
32.0
32.49984
32.49984
32.0
31.75008
32.75008
33.24992
32.49984
33.0
32.24992
32.0
31.0
31.50016
32.24992
32.24992
32.49984
31.75008
30.24992
30.24992
30.0
29.75008
30.0
30.0
30.0
30.75008
31.75008
31.75008
32.375038
33.624962
34.0
34.375038
34.24992
34.49984
34.75008
35.50016
35.24992
35.624962
35.50016
35.0
36.0
36.75008
37.24992
36.874882
36.24992
36.375038
36.24992
36.24992
36.24992
36.24992
36.0
35.50016
35.50016
35.624962
36.0
36.24992
36.49984
36.0
36.0
35.75008
35.24992
33.75008
34.49984
34.49984
35.24992
35.0
34.24992
35.0
35.50016
35.24992
35.0
35.0
34.75008
34.24992
33.874882
32.874882
32.375038
32.75008
31.87488
32.0
31.75008
31.50016
31.24992
30.62496
29.75008
30.24992
29.50016
28.87488
29.50016
29.50016
29.24992
28.0
28.24992
28.24992
28.24992
27.24992
28.75008
28.75008
28.24992
28.75008
29.0
29.0
29.0
29.62496
28.75008
28.49984
28.75008
28.75008
27.75008
27.50016
28.24992
28.0
27.0
26.49984
25.62496
27.0
26.75008
25.0
25.50016
25.24992
25.75008
26.24992
26.24992
26.75008
27.24992
27.75008
28.24992
28.0
27.50016
27.0
25.75008
25.24992
25.0
25.12512
24.75008
25.24992
25.50016
25.0
25.24992
25.24992
25.24992
24.49984
24.0
24.0
23.0
23.24992
23.24992
20.0
20.24992
21.0
20.75008
20.49984
20.75008
20.49984
21.0
21.62496
22.24992
22.0
22.0
21.75008
22.37504
22.24992
21.50016
22.0
22.62496
23.0
23.50016
23.75008
23.24992
23.0
22.75008
23.24992
23.0
24.0
24.0
23.75008
24.49984
25.0
24.75008
24.24992
24.0
24.24992
24.75008
24.75008
24.24992
23.75008
24.24992
24.62496
24.75008
24.0
23.75008
25.0
26.0
25.87488
26.0
26.0
27.75008
27.24992
27.37504
27.37504
27.75008
27.87488
26.75008
25.75008
25.75008
26.49984
26.87488
26.75008
26.75008
26.75008
26.0
25.75008
25.75008
25.75008
26.24992
26.49984
26.49984
26.49984
27.0
27.0
27.0
27.24992
26.49984
26.75008
26.75008
25.75008
25.75008
25.24992
24.75008
24.49984
24.49984
24.24992
24.49984
24.49984
24.49984
25.37504
26.49984
27.0
26.0
25.50016
25.50016
26.49984
27.0
28.0
29.50016
30.49984
29.75008
29.75008
30.0
29.75008
29.50016
29.24992
29.0
29.24992
29.0
29.24992
29.0
29.24992
29.50016
30.0
29.75008
30.24992
29.50016
29.75008
29.75008
29.75008
30.62496
31.12512
31.0
31.75008
32.49984
33.0
32.75008
32.24992
31.87488
32.0
32.24992
32.75008
33.0
33.50016
33.75008
33.50016
32.0
32.75008
32.75008
32.24992
32.24992
31.75008
31.0
30.49984
30.24992
30.24992
30.49984
30.0
30.75008
30.75008
31.75008
32.0
31.0
30.49984
29.0
29.0
28.49984
28.49984
29.24992
30.12512
30.24992
29.75008
29.75008
30.0
31.50016
30.87488
29.24992
29.24992
29.50016
29.62496
29.24992
28.49984
29.75008
30.0
30.49984
30.75008
30.0
31.24992
32.0
33.0
33.24992
33.24992
31.75008
31.87488
30.75008
30.49984
30.49984
29.75008
29.75008
29.50016
29.24992
30.24992
30.62496
31.0
30.75008
30.49984
30.24992
30.24992
30.62496
31.24992
30.49984
30.49984
30.0
30.24992
31.24992
32.24992
31.50016
31.24992
31.24992
31.0
31.50016
32.24992
32.0
32.24992
32.24992
32.0
32.0
32.49984
32.75008
32.75008
33.125118
33.75008
33.75008
34.75008
35.0
33.75008
34.0
35.0
33.24992
34.24992
34.0
35.0
35.0
35.0
33.24992
33.24992
32.75008
32.24992
32.49984
33.75008
34.0
32.49984
32.0
30.75008
31.75008
32.75008
32.24992
33.75008
33.50016
33.50016
33.75008
34.0
34.24992
34.24992
33.75008
34.874882
34.75008
34.75008
34.75008
34.874882
35.0
35.75008
36.0
36.0
35.50016
35.0
35.0
33.50016
32.75008
32.49984
32.24992
31.75008
31.0
31.24992
32.0
33.50016
34.0
33.50016
34.24992
34.24992
34.624962
36.0
36.24992
36.0
36.0
36.24992
37.50016
37.24992
36.75008
36.0
35.75008
37.75008
38.49984
37.50016
38.24992
38.0
37.50016
38.125118
39.24992
39.75008
39.50016
38.24992
39.50016
39.75008
40.0
40.24992
40.0
41.0
41.50016
40.75008
40.24992
40.0
40.0
40.24992
40.75008
39.624962
39.24992
39.624962
39.0
39.50016
40.24992
40.24992
41.0
41.0
40.75008
40.75008
41.0
40.24992
40.75008
40.24992
40.75008
40.24992
40.24992
43.0
43.75008
43.75008
43.24992
42.49984
43.0
43.0
43.0
43.0
42.49984
42.75008
41.75008
42.375038
43.0
42.49984
42.0
41.75008
42.24992
43.75008
44.0
43.0
42.624962
42.624962
41.0
40.75008
40.0
39.75008
40.0
40.24992
40.24992
39.75008
40.0
40.24992
41.24992
42.49984
43.50016
43.50016
43.50016
43.75008
45.125118
45.375038
44.75008
44.75008
45.24992
45.24992
45.75008
46.24992
48.0
48.75008
48.24992
48.75008
49.24992
48.24992
48.75008
48.49984
48.75008
47.75008
47.75008
47.0
47.50016
48.24992
48.24992
48.75008
48.75008
48.0
47.50016
47.50016
47.50016
48.0
46.75008
46.24992
46.125118
46.24992
47.874882
47.50016
47.75008
47.874882
47.24992
47.24992
47.0
48.24992
49.24992
51.125118
51.24992
52.0
50.624962
48.24992
48.0
45.24992
45.0
43.75008
44.75008
44.24992
43.50016
44.49984
44.49984
41.50016
40.0
39.0
38.49984
38.24992
39.75008
39.24992
39.50016
38.24992
37.50016
37.24992
36.0
34.24992
33.0
33.0
34.49984
36.0
37.50016
36.24992
35.50016
35.375038
33.50016
33.75008
33.50016
32.75008
32.0
33.24992
32.49984
33.0
33.50016
32.75008
33.50016
33.50016
34.49984
34.0
33.24992
33.0
33.75008
33.75008
33.125118
33.50016
34.49984
35.24992
34.49984
33.50016
33.24992
33.75008
32.0
31.24992
30.0
30.0
31.50016
31.50016
32.49984
34.24992
35.75008
35.75008
36.125118
35.50016
35.0
34.0
33.50016
33.75008
34.0
33.75008
35.24992
36.49984
37.0
36.24992
35.50016
36.874882
37.375038
38.49984
38.375038
38.0
37.24992
38.24992
37.50016
37.0
36.24992
36.0
37.24992
38.0
37.75008
37.75008
38.24992
38.75008
38.24992
39.24992
38.75008
38.24992
38.125118
36.75008
36.624962
36.0
35.75008
37.24992
38.0
39.24992
40.24992
40.0
39.24992
38.24992
38.0
38.75008
38.75008
39.24992
39.75008
38.75008
38.75008
40.0
39.0
40.0
39.75008
40.75008
42.75008
45.0
44.0
45.50016
45.24992
44.75008
44.75008
45.0
44.24992
45.0
44.75008
45.75008
48.24992
47.375038
48.375038
50.24992
50.24992
49.24992
50.0
49.24992
48.125118
48.49984
49.24992
50.24992
50.75008
50.75008
51.0
50.75008
49.75008
50.49984
49.0
48.75008
48.24992
51.75008
52.75008
52.0
52.75008
48.75008
47.0
48.0
49.24992
48.0
48.24992
46.0
46.24992
47.0
45.0
45.0
47.24992
47.75008
47.50016
47.50016
49.0
49.75008
50.24992
49.75008
48.75008
49.0
47.75008
52.24992
54.375038
54.24992
54.49984
55.24992
54.49984
53.50016
54.0
54.24992
55.0
54.75008
52.75008
52.24992
50.75008
49.0
49.50016
49.0
49.75008
51.0
52.0
54.624962
54.75008
53.50016
53.24992
52.24992
50.0
48.75008
49.874882
49.0
49.125118
50.49984
51.75008
53.24992
53.0
53.50016
55.75008
58.75008
59.24992
57.50016
55.24992
53.0
53.624962
51.50016
50.125118
49.50016
49.50016
50.49984
49.75008
48.24992
47.75008
47.75008
47.24992
45.24992
46.24992
46.49984
46.75008
47.50016
44.874882
43.24992
43.0
44.49984
46.0
47.50016
47.0
46.49984
47.24992
47.24992
45.624962
45.75008
47.50016
47.75008
46.624962
45.24992
45.75008
46.24992
45.50016
46.24992
47.0
49.874882
50.24992
49.0
51.125118
51.50016
50.49984
49.24992
49.50016
50.49984
50.75008
51.0
50.0
48.0
48.0
50.75008
50.75008
51.0
50.49984
52.49984
52.75008
52.49984
51.50016
49.50016
49.24992
48.49984
48.49984
47.75008
47.75008
49.0
50.0
44.24992
43.375038
41.50016
42.24992
42.75008
42.49984
42.24992
42.0
42.24992
43.0
43.0
42.24992
42.49984
41.375038
40.0
40.75008
40.24992
40.0
39.624962
42.24992
42.49984
42.75008
44.24992
45.50016
45.50016
44.49984
44.0
43.75008
43.50016
43.125118
42.624962
43.24992
44.75008
44.49984
43.75008
42.75008
42.0
42.24992
42.75008
43.0
43.874882
43.50016
44.0
43.75008
44.24992
43.75008
42.24992
41.75008
42.24992
42.624962
41.50016
41.24992
41.0
41.50016
41.24992
42.125118
42.24992
42.0
41.75008
42.0
43.0
43.0
43.75008
43.50016
44.75008
45.0
45.24992
45.0
43.50016
43.75008
44.49984
46.0
48.0
48.24992
48.75008
49.24992
50.24992
50.75008
50.0
51.75008
52.75008
54.0
54.49984
53.874882
55.50016
56.874882
61.24992
63.0
62.49984
61.50016
61.24992
63.0
62.75008
62.49984
62.75008
63.0
60.75008
61.50016
60.49984
62.75008
63.75008
63.125118
65.0
65.50016
66.249924
68.249924
68.750076
68.49984
67.249924
64.750076
66.0
67.750076
67.50016
65.249924
65.750076
66.249924
65.0
65.874878
66.49984
65.249924
64.249924
63.50016
63.0
64.49984
64.49984
64.249924
65.624962
65.750076
66.0
67.125122
67.50016
65.750076
63.75008
63.50016
61.50016
61.0
58.49984
56.49984
56.24992
55.75008
56.49984
55.75008
58.0
58.75008
57.75008
59.24992
55.24992
51.50016
53.24992
53.50016
53.75008
52.0
51.24992
52.75008
53.0
52.24992
52.75008
51.0
52.49984
53.50016
53.75008
53.75008
54.75008
54.75008
54.0
54.24992
54.24992
53.75008
52.0
50.0
49.75008
48.49984
47.50016
48.24992
48.0
48.49984
48.75008
49.50016
50.49984
51.0
51.0
51.50016
52.24992
51.50016
50.75008
50.75008
51.24992
51.0
50.24992
51.0
50.0
49.50016
49.0
52.75008
53.0
54.624962
55.24992
55.0
55.24992
55.24992
57.75008
57.75008
58.0
58.375038
57.0
57.50016
57.0
58.0
57.75008
57.50016
58.75008
59.50016
58.49984
57.75008
56.0
56.75008
57.375038
57.50016
58.75008
58.0
59.24992
60.24992
59.50016
60.24992
61.125118
61.24992
60.75008
59.75008
59.24992
59.24992
59.24992
59.24992
58.75008
60.0
60.125118
59.0
57.75008
57.24992
57.50016
56.24992
56.49984
57.624962
58.24992
58.0
58.49984
59.24992
61.24992
63.0
62.49984
61.24992
63.0
64.49984
64.49984
65.50016
65.249924
64.750076
65.50016
65.50016
65.249924
65.249924
66.750076
67.0
66.249924
65.249924
65.750076
66.249924
65.750076
64.0
64.0
66.249924
67.249924
67.50016
67.50016
67.249924
66.249924
65.0
64.0
64.49984
66.0
67.375038
69.0
69.125122
68.0
68.750076
68.750076
67.249924
68.249924
67.50016
68.0
68.249924
68.0
70.249924
70.0
70.0
70.249924
70.750076
70.49984
70.249924
70.249924
68.750076
69.750076
70.249924
70.750076
70.49984
70.249924
70.624962
71.375038
72.249924
73.50016
73.750076
77.249924
79.0
79.249924
79.249924
79.50016
80.49984
80.49984
79.874878
78.0
83.750076
87.50016
86.0
90.249924
90.750076
90.249924
90.49984
90.49984
91.50016
89.249924
88.249924
87.50016
91.0
99.750076
103.0
101.249924
102.750076
103.249924
111.50016
115.50016
114.49984
117.0
118.0
115.0
113.249924
114.750076
114.49984
116.750076
115.0
112.750076
110.49984
111.375038
111.50016
111.750076
110.49984
110.49984
107.874878
112.249924
114.750076
115.750076
112.750076
110.750076
108.750076
112.0
115.50016
116.750076
115.0
118.0
120.0
119.50016
117.0
120.0
121.249924
120.249924
118.750076
119.750076
118.874878
118.0
118.750076
118.249924
118.750076
121.249924
119.750076
116.750076
116.49984
114.0
115.249924
114.249924
116.0
116.49984
116.0
115.750076
116.750076
115.249924
111.624962
110.249924
112.750076
114.0
115.0
121.0
118.0
113.750076
112.49984
111.874878
101.0
102.375038
102.750076
101.750076
96.249924
92.750076
92.249924
95.0
96.249924
97.750076
97.750076
102.49984
103.0
103.750076
102.750076
103.50016
101.50016
99.50016
98.249924
99.249924
99.375038
101.249924
105.750076
105.0
105.0
105.249924
104.49984
110.750076
113.50016
112.49984
115.874878
116.0
114.750076
114.0
60.5
58.5
56.75008
55.24992
56.75008
57.5
58.5
58.0
56.75008
57.0
56.75008
56.5
55.75008
54.5
55.24992
56.0
57.24992
56.75008
55.24992
54.24992
55.0
53.24992
54.75008
56.24992
57.0
55.75008
55.0
53.75008
52.5
51.24992
52.24992
51.75008
51.5
52.5
53.75008
54.0
53.75008
54.24992
52.5
53.5
54.124962
55.0
56.0
57.5
59.24992
58.24992
59.0
59.5
60.0
64.5
65.750076
67.249924
65.750076
65.750076
65.624962
64.5
64.249924
64.0
64.249924
64.750076
64.5
64.249924
63.5
63.0
64.0
63.24992
65.5
66.750076
66.0
63.875038
65.0
64.750076
64.750076
66.750076
66.5
67.750076
69.0
69.5
71.375038
72.750076
74.249924
72.750076
73.750076
73.875038
72.624962
71.5
69.0
70.249924
71.5
67.0
64.249924
65.249924
66.375038
65.5
63.75008
63.5
64.750076
65.750076
64.750076
64.375038
65.0
64.0
64.249924
63.75008
63.75008
63.0
61.0
61.0
61.0
62.24992
63.75008
64.5
63.75008
62.75008
60.75008
61.75008
60.0
58.75008
58.0
59.5
60.5
61.0
61.75008
61.75008
63.5
63.24992
63.75008
59.624962
60.75008
60.0
58.75008
58.124962
57.75008
58.0
59.0
59.75008
59.5
58.75008
59.624962
62.24992
63.0
63.0
64.750076
64.0
63.5
63.24992
62.24992
63.75008
64.750076
64.750076
66.124962
67.0
67.0
68.750076
68.249924
69.249924
68.750076
68.5
64.5
64.0
65.249924
65.5
65.375038
64.5
64.750076
65.249924
66.249924
65.0
65.750076
64.750076
63.75008
62.5
63.75008
64.5
64.0
64.0
64.0
65.249924
67.249924
67.750076
67.249924
68.750076
69.249924
68.5
68.249924
69.249924
69.0
66.750076
68.249924
70.249924
71.5
71.750076
72.0
71.750076
69.750076
70.249924
72.0
72.124962
73.5
72.5
73.0
73.0
72.249924
71.249924
70.5
70.0
69.249924
67.5
67.5
67.750076
69.0
70.0
70.750076
71.0
69.5
69.0
66.750076
63.5
60.75008
61.24992
60.0
58.5
60.75008
62.312481
63.0
63.5
62.5
61.5
61.0
60.24992
60.124962
59.5
59.75008
59.75008
59.75008
60.0
60.0
58.75008
58.5
58.375038
59.0
60.75008
60.5
60.281281
61.5
61.5
62.0
61.5
62.75008
65.0
64.750076
64.750076
63.0
62.24992
61.75008
60.5
60.24992
60.5
61.24992
61.5
60.75008
60.5
59.75008
58.75008
59.75008
60.24992
59.24992
59.75008
61.0
60.5
59.75008
59.24992
59.0
57.75008
58.24992
59.75008
60.24992
60.24992
61.75008
63.0
61.75008
59.75008
58.124962
57.24992
58.5
59.0
58.24992
58.24992
57.5
58.0
59.5
59.875038
60.375038
59.624962
60.0
58.24992
58.24992
59.24992
60.24992
61.24992
61.0
61.5
62.0
64.015678
64.249924
63.75008
64.0
65.0
64.750076
65.5
66.515678
66.750076
67.249924
67.5
65.0
64.624962
65.312477
67.249924
67.249924
66.5
65.249924
65.750076
65.5
67.0
67.375038
68.249924
67.5
66.249924
65.750076
64.249924
63.5
62.75008
63.24992
61.75008
62.75008
62.0
60.5
59.124962
59.5
60.0
60.75008
62.24992
60.5
60.765598
59.0
59.24992
59.0
60.60944
61.0
60.75008
60.375038
59.375038
60.0
60.875038
62.375038
63.0
62.0
63.75008
63.265598
62.124962
60.75008
61.0
61.624962
61.124962
61.5
62.35936
62.875038
61.875038
62.265598
64.0
67.265602
66.875038
65.187523
65.0
65.265602
66.624962
66.875038
63.375038
63.24992
64.249924
65.5
65.750076
65.249924
63.375038
63.124962
61.0
61.24992
61.0
59.875038
58.5
61.5
63.0
63.5
63.375038
63.5
63.5
64.5
64.5
64.015678
64.375038
65.0
65.124962
66.0
67.375038
67.375038
67.624962
68.5
68.5
69.375038
69.624962
70.750076
70.624962
70.624962
71.687523
71.750076
71.249924
71.5
71.124962
70.0
71.0
72.265602
74.124962
74.375038
73.750076
76.875038
78.750076
78.5
78.0
78.5
80.0
80.750076
79.5
79.375038
80.0
80.624962
78.750076
79.0
79.750076
80.515678
79.624962
82.124962
82.750076
82.124962
80.875038
80.875038
80.624962
82.0
82.875038
82.750076
82.375038
81.750076
83.375038
84.249924
84.375038
85.750076
87.124962
87.750076
89.5
90.0
87.249924
86.375038
88.5
90.124962
86.875038
87.64064
87.687523
88.5
92.0
91.875038
95.124962
97.5
96.5
94.5
94.124962
94.249924
96.750076
98.750076
100.624962
102.0
104.124962
105.124962
104.5
107.624962
111.5
111.750076
112.5
112.875038
112.5
109.875038
111.0
109.249924
110.124962
111.375038
115.249924
113.124962
114.624962
117.0
119.0
118.124962
117.5
116.750076
112.5
115.750076
117.624962
117.249924
115.750076
113.734398
114.375038
114.750076
113.750076
113.5
113.0
115.624962
117.375038
62.124962
65.124962
66.187523
65.812477
66.375038
66.375038
64.624962
63.75
64.624962
64.75
63.75
64.5
65.5
68.25
70.5
69.937523
72.5
75.984398
75.812477
78.375038
77.375038
68.75
67.0
65.624962
67.5
70.124962
69.875038
69.734398
69.124962
67.624962
65.0
65.0
62.75
63.0
63.875038
65.25
66.75
66.25
66.5
67.0
67.25
67.124962
67.124962
66.25
65.0
62.375038
63.25
62.5
61.124962
60.875038
59.75
60.875038
62.0
61.75
63.75
64.75
66.0
65.75
66.624962
66.375038
65.624962
65.25
64.5
63.0
63.75
63.75
62.75
61.187519
60.5
61.578159
59.437519
61.875038
62.75
61.265598
60.124962
59.875038
60.875038
63.375038
61.624962
61.624962
63.5
64.25
64.624962
64.0
65.624962
68.25
68.25
68.124962
67.624962
68.375038
67.875038
67.124962
68.124962
70.5
71.375038
70.875038
73.0
73.14064
72.5
69.5
68.0
69.25
69.25
68.875038
66.624962
65.875038
65.0
63.25
64.124962
63.5
63.75
63.0
63.687519
63.75
64.5
63.562481
61.75
63.5
62.0
62.124962
61.624962
63.25
64.0
63.64064
63.25
63.0
60.875038
58.5
60.937519
61.124962
60.375038
59.765598
59.875038
60.124962
58.124962
58.0
58.75
59.375038
58.875038
58.75
58.375038
57.75
55.0
57.124962
57.5
56.75
55.875038
52.624962
51.624962
51.624962
52.515598
52.875038
55.0
56.875038
55.0
55.5
54.75
55.437519
56.5
57.124962
58.5
60.0
59.562481
58.265598
58.624962
59.0
57.875038
58.0
58.25
58.75
58.5
59.25
61.25
61.624962
61.124962
60.75
61.5
60.124962
57.75
56.25
55.875038
55.624962
53.75
54.124962
55.375038
55.25
56.875038
57.375038
59.124962
60.25
59.875038
58.25
56.5
56.5
56.75
56.375038
57.375038
57.375038
57.375038
57.5
57.25
57.875038
59.375038
60.875038
62.124962
63.124962
62.0
60.5
60.875038
65.0
64.968719
65.875038
66.5
67.75
68.124962
70.375038
70.0
70.375038
69.0
68.0
68.937523
68.875038
69.375038
69.0
69.25
69.0
69.624962
69.5
71.75
73.5
73.624962
72.25
72.375038
71.75
71.25
70.124962
71.75
71.375038
73.0
73.0
71.624962
75.624962
77.0
77.5
77.0
77.5
75.5
75.25
75.875038
77.75
76.75
75.0
73.25
72.124962
71.75
71.875038
71.624962
74.25
74.5
73.0
74.0
74.375038
75.375038
75.89064
75.0
74.5
74.5
74.25
73.124962
72.0
71.781281
70.875038
70.124962
74.25
72.75
73.375038
72.75
72.75
70.25
72.25
74.375038
75.124962
74.624962
75.375038
77.031281
79.124962
79.624962
79.875038
82.624962
82.14064
82.624962
83.25
81.875038
82.0
82.25
82.124962
81.124962
80.875038
80.25
83.0
83.124962
81.5
81.624962
82.25
81.875038
81.5
81.875038
82.5
82.0
82.124962
83.624962
84.515602
85.124962
85.624962
88.484398
89.375038
95.0
97.5
97.5
98.124962
97.0
97.75
97.5
99.5
97.75
97.0
96.124962
99.375038
100.25
101.75
105.0
107.0
104.0
101.875038
105.375038
108.25
114.25
112.984398
113.875038
110.75
111.234398
107.75
109.5
111.25
109.375038
107.5
107.25
107.375038
110.124962
109.875038
110.75
114.375038
119.375038
124.75
123.0
124.0
125.124962
121.375038
121.25
120.25
117.0
121.0
124.5
121.875038
122.624962
122.624962
124.5
127.25
127.25
127.5
129.375046
129.624954
130.375046
127.624962
130.124954
133.375046
137.0
141.5
137.124954
133.875046
130.875046
135.875046
138.875046
138.0
134.875046
135.624954
138.25
137.25
136.624954
134.0
132.0
138.5
141.75
143.5
145.624954
144.0
144.75
147.765594
149.75
147.875046
146.0
145.375046
145.937515
148.375046
152.25
155.875046
154.624954
152.25
153.75
154.75
160.25
164.0
165.0
164.875046
163.0
157.375046
157.25
158.624954
154.75
157.0
159.0
157.0
155.124954
155.75
153.0
149.64064
149.5
151.375046
148.75
146.25
144.624954
146.0
149.624954
149.624954
150.25
148.0
145.75
146.124954
143.875046
143.5
143.25
136.75
138.0
136.0
135.25
134.187515
131.124954
135.0
140.75
143.875046
140.25
139.75
139.375046
141.0
145.375046
149.124954
146.75
148.25
142.75
135.25
133.875046
133.5
134.5
138.937515
140.375046
140.14064
141.25
146.624954
149.124954
145.875046
147.0
150.124954
153.5
154.875046
157.624954
162.5
161.0
160.0
160.35936
161.5
160.5
158.5
152.875046
158.624954
158.062485
156.75
161.124954
165.124954
163.75
164.0
169.375046
169.75
167.484406
153.624954
154.624954
148.5
148.0
145.484406
146.875046
149.75
149.0
147.875046
145.5
147.0
147.375046
150.124954
148.5
147.5
148.687515
147.25
148.562485
148.875046
146.624954
145.124954
143.562485
142.124954
143.124954
145.312485
149.0
150.375046
154.562485
153.5
154.0
78.98436
81.937523
88.875
89.687523
87.625
86.5
88.937523
90.75
90.625
91.125
89.75
88.5
90.375
92.125
94.312477
97.0
100.125
102.0
101.812477
99.76564
97.875
98.625
98.125
97.25
95.75
94.75
98.25
100.75
100.875
96.25
96.625
94.25
94.125
94.25
93.375
95.5
96.0
95.875
96.25
96.812477
97.812477
98.171883
96.0
94.75
95.437523
96.375
97.75
97.5
95.625
97.687523
99.25
99.125
96.187523
94.125
96.0
95.0
93.375
93.812477
94.75
94.75
95.625
95.0
95.25
94.23436
93.625
93.0
87.25
87.562477
85.125
85.125
85.937523
86.125
83.625
83.5
79.75
86.75
83.25
79.0
78.375
79.0
79.5
77.0
74.937523
78.0
78.25
77.375
78.0
78.0
79.125
81.125
80.625
79.812477
81.375
81.75
80.875
78.125
77.5
77.875
81.75
81.0
79.187523
79.125
78.25
79.187523
78.625
75.5
73.75
72.75
73.812477
73.687523
72.625
70.0
70.125
73.437523
72.73436
71.343758
71.062477
71.875
72.125
71.812477
72.625
75.14064
74.312477
73.625
74.812477
75.0
75.687523
77.25
77.062477
76.375
75.875
76.312477
77.687523
77.5
77.875
78.0
79.562477
81.437523
82.875
82.75
83.60936
87.125
88.312477
90.062477
88.0
87.875
87.812477
86.062477
85.25
84.937523
84.937523
87.0
91.125
92.375
94.625
95.625
94.375
94.062477
92.375
91.375
86.312477
86.937523
77.375
78.25
78.375
76.5
76.625
76.687523
77.5
77.875
77.687523
77.437523
77.937523
77.5
75.5
75.875
76.437523
78.25
79.562477
78.75
78.25
77.937523
77.5
77.875
76.25
74.375
73.437523
74.687523
76.5
76.937523
79.5
74.875
75.312477
76.625
79.0
84.5
85.062477
83.375
81.375
81.375
80.5
81.562477
82.5
83.5
82.75
82.25
82.25
84.187523
84.875
84.687523
85.312477
85.437523
83.25
81.312477
80.687523
79.375
76.562477
74.75
75.875
74.437523
74.875
74.0
69.375
69.437523
70.687523
69.0
69.937523
70.0
70.375
70.25
69.375
68.5
68.75
69.875
70.937523
70.062477
70.64064
74.375
75.75
77.5
77.625
77.125
77.25
75.375
75.375
75.125
73.937523
75.312477
78.312477
80.375
80.5
82.5
83.375
85.0
84.875
83.937523
83.062477
84.812477
83.0
84.937523
84.0
86.125
88.25
86.812477
87.75
87.875
86.125
86.0
84.578117
87.562477
88.937523
87.75
85.375
86.0
87.0
86.75
89.75
92.625
92.25
88.25
85.687523
86.48436
85.875
84.5
82.062477
80.562477
77.437523
76.75
77.937523
78.75
78.875
82.0
84.625
80.625
85.062477
86.562477
86.125
86.812477
84.25
83.5
84.625
85.25
87.062477
88.125
88.75
89.0
88.625
88.0
85.437523
85.0
83.687523
83.25
81.125
80.375
84.25
85.875
85.437523
84.25
85.25
85.5
85.125
87.25
87.125
87.875
88.937523
89.062477
89.75
89.5
90.625
90.812477
92.0
91.812477
95.0
94.5
95.875
96.062477
99.5
104.375
105.062477
104.875
107.0
110.0
110.875
115.187523
114.125
115.875
114.25
112.125
110.25
112.23436
115.0
115.0
117.125
116.312477
119.5
124.0
121.5
120.125
117.25
115.5
116.23436
117.0
117.437523
120.562477
124.0
122.75
125.0
126.187523
125.687523
124.0
122.937523
120.625
123.125
125.125
129.75
131.0
131.5
141.375
142.5
142.125
140.0
136.75
139.625
143.687515
137.625
132.75
131.25
137.0
137.5
138.625
141.125
140.687515
138.062485
139.0
137.0
132.5
133.625
132.562485
129.625
133.562485
131.25
130.5
128.437515
129.875
130.625
132.875
137.5
136.875
130.0
124.0
119.0
115.812477
115.0
117.875
117.125
120.046883
120.187523
118.375
119.375
119.875
118.875
122.5
122.375
123.0
124.375
119.25
117.0
119.437523
120.312477
121.125
121.625
123.0
123.5
121.375
127.5
131.187515
133.5
133.375
132.687515
62.468761
63.0
61.5
58.625
58.375
59.0
57.0
59.5
61.625
63.5
64.625
64.8125
63.375
61.625
62.25
63.125
63.9375
65.0
63.9375
61.6875
61.8125
62.625
63.0
63.0
59.625
59.5
59.875
59.8125
60.125
57.875
57.25
56.3125
53.75
54.375
54.1875
53.875
52.359379
52.625
53.3125
54.5
53.875
53.6875
55.4375
56.6875
55.5
56.125
59.75
58.406239
56.125
57.0625
57.125
57.0
56.4375
56.3125
57.0
59.25
59.875
63.1875
64.0
65.75
64.8125
65.875
66.359383
66.6875
66.125
68.0625
68.6875
68.125
68.0
67.1875
66.0
65.5
65.0
65.1875
68.125
70.8125
71.015617
71.75
73.3125
73.5625
74.3125
72.5
73.3125
74.4375
74.4375
76.25
76.75
79.8125
79.4375
79.5
79.8125
78.3125
80.0625
83.0
84.5
84.375
83.875
83.5
84.125
83.5
85.125
86.0
89.5
89.359383
88.625
87.8125
87.875
87.625
85.875
86.625
83.4375
84.875
85.625
83.75
83.6875
83.1875
76.125
79.75
78.25
77.9375
76.25
75.5
77.3125
78.1875
78.0625
77.8125
76.8125
77.6875
79.8125
74.015617
73.5
73.3125
71.0
69.75
70.0
72.25
74.375
73.125
74.625
70.75
72.25
78.0625
78.3125
78.1875
80.6875
81.75
83.875
83.125
82.25
81.5
80.4375
79.375
76.234383
77.0
78.75
78.5
80.375
81.375
81.5
82.25
82.25
80.3125
79.6875
77.5625
78.125
80.0
79.375
78.4375
77.5
75.625
74.0
75.1875
75.0
79.234383
81.125
83.0
83.1875
83.25
83.625
83.9375
85.125
85.5
84.875
85.375
83.875
87.375
87.875
85.875
83.375
82.0
87.25
92.375
94.75
93.0
106.625
105.75
102.125
100.8125
98.25
104.875
101.8125
101.1875
101.125
98.75
99.0625
101.5
102.9375
104.625
108.25
108.125
110.0625
108.875
108.125
108.75
109.9375
112.875
112.875
112.375
110.5
106.8125
111.125
116.5
115.375
114.5625
115.625
116.875
117.0625
119.75
118.875
120.0
116.4375
118.5
120.625
125.5
125.625
123.125
125.375
130.0
137.375
138.875
145.375
143.6875
144.5
143.75
142.5625
137.6875
133.375
134.875
133.0
134.0
134.0
131.625
137.0
139.0625
134.25
131.875
129.25
120.75
123.25
131.0
125.75
119.375
116.5
125.25
125.0
126.5625
129.0625
131.0
127.625
120.625
120.625
123.875
122.6875
119.25
116.5
116.0
119.5
118.25
122.875
125.4375
126.5
123.625
118.5625
119.875
118.171883
122.25
119.875
125.875
127.9375
130.0
134.5625
135.0
135.0625
129.375
131.5
128.0
128.0
131.859375
131.3125
130.0625
129.6875
136.6875
140.25
139.25
138.375
137.5
137.203125
136.5
135.6875
134.375
134.125
136.875
134.5
136.8125
139.875
140.0
141.25
142.25
145.0
147.0625
147.5
144.828125
146.125
143.25
142.25
142.0
141.9375
140.125
140.375
139.375
67.5625
67.375
66.125
65.375
66.25
64.375
63.375
64.875
64.8125
64.125
67.0
68.75
69.5
71.5
72.9375
74.0625
73.625
74.875
75.828117
74.4375
75.8125
74.9375
74.375
75.625
75.6875
71.375
68.5
68.6875
67.4375
66.875
66.9375
63.3125
62.875
59.875
59.25
60.5
63.5
62.9375
49.5
50.203121
46.5
45.6875
44.5625
43.875
42.9375
42.5
42.75
42.375
42.25
40.53125
40.1875
38.125
38.5
40.75
39.1875
36.625
39.8125
42.3125
44.375
45.0
44.5
43.5625
45.0
47.0
46.125
46.9375
46.5625
47.875
47.25
47.375
46.8125
46.3125
42.375
39.0
39.75
41.25
42.875
42.9375
41.75
42.9375
43.375
43.875
44.0
46.75
44.625
43.5
38.9375
38.5
35.34375
36.5
35.3125
33.25
34.875
38.1875
37.921879
37.875
36.625
34.75
34.5
36.25
34.125
34.453121
35.0
33.875
33.6875
32.6875
31.4375
31.875
34.625
35.375
34.625
32.3125
32.9375
33.375
34.25
33.8125
32.375
33.0625
32.3125
34.625
33.875
35.890621
37.0625
36.0625
36.0625
37.375
38.1875
38.59375
37.9375
38.234379
35.3125
35.9375
36.0625
36.125
35.5625
35.1875
35.25
34.546879
36.5
35.3125
34.125
32.75
31.5625
30.75
30.703119
30.875
30.1875
29.25
31.125
30.75
32.875
33.6875
33.6875
30.59375
29.375
29.625
29.875
29.9375
28.8125
27.75
27.4375
26.75
28.8125
29.75
29.5625
29.703119
29.3125
27.5625
26.75
26.875
26.375
25.09375
25.8125
25.234381
24.200001
25.1
28.290001
28.51
26.799999
26.73
32.189999
32.52
32.57
31.299999
31.040001
29.360001
30.360001
30.23
31.65
31.41
32.5
31.200001
31.049999
31.68
31.799999
30.99
30.540001
29.24
28.15
28.1
28.5
29.190001
29.139999
30.01
30.43
30.25
29.4
29.549999
29.02
27.700001
27.58
29.07
29.5
29.950001
30.690001
31.23
31.93
30.51
30.209999
30.129999
29.1
28.299999
28.540001
28.790001
27.66
28.09
28.299999
28.690001
29.07
29.209999
30.5
30.77
30.540001
30.690001
31.0
29.85
29.43
29.17
28.5
30.190001
30.379999
30.75
29.940001
30.15
30.219999
30.030001
30.23
29.59
29.48
29.9
29.85
29.74
30.42
30.98
32.23
32.080002
30.68
31.0
31.190001
30.030001
30.190001
30.719999
30.85
30.75
30.18
29.379999
28.68
28.51
28.0
28.370001
29.139999
29.889999
29.66
28.92
27.83
28.129999
28.09
27.690001
27.620001
26.98
26.1
25.0
24.48
23.690001
22.27
20.75
21.719999
21.959999
21.85
21.360001
20.98
20.280001
20.08
21.65
22.58
22.049999
22.52
22.23
23.200001
24.68
25.129999
24.52
25.1
26.23
24.610001
24.559999
25.370001
26.0
25.93
26.219999
26.5
25.889999
24.4
25.290001
25.969999
26.73
27.280001
28.280001
29.08
29.4
28.299999
28.77
30.059999
31.59
31.48
30.950001
31.299999
30.790001
30.84
31.25
32.119999
32.990002
32.549999
32.419998
32.91
32.880001
32.900002
34.849998
34.779999
34.5
33.619999
34.139999
34.139999
33.720001
33.779999
34.09
34.330002
33.959999
33.200001
32.740002
32.400002
33.119999
32.98
33.310001
32.41
33.0
35.619999
36.349998
36.25
35.970001
36.779999
35.470001
35.110001
35.189999
34.98
34.59
34.75
34.299999
33.59
32.610001
33.599998
34.16
34.310001
34.299999
33.889999
35.150002
35.07
34.630001
34.389999
33.799999
33.299999
32.599998
33.630001
33.48
33.700001
34.349998
33.669998
32.169998
31.59
30.68
30.1
31.51
31.440001
31.07
30.110001
31.01
31.879999
33.290001
33.080002
33.610001
34.25
34.080002
33.02
32.060001
31.65
31.85
32.25
32.16
30.709999
31.49
31.209999
30.969999
31.040001
30.5
31.25
31.450001
30.9
30.290001
30.68
30.700001
30.040001
30.24
29.389999
29.440001
29.15
28.719999
29.799999
31.280001
30.93
30.85
30.219999
30.34
29.99
29.48
29.459999
28.450001
29.25
29.049999
29.219999
27.950001
27.0
26.98
29.059999
28.85
28.610001
28.559999
30.35
31.0
30.790001
31.360001
30.799999
30.34
29.67
29.799999
29.0
28.620001
27.99
27.709999
28.43
27.719999
27.52
28.200001
27.58
22.75
22.290001
21.889999
21.6
21.969999
21.379999
22.57
22.99
21.209999
20.6
19.639999
19.959999
19.98
18.889999
18.959999
19.32
18.77
17.809999
17.780001
19.610001
19.58
18.450001
18.280001
18.299999
18.879999
19.15
19.450001
19.879999
19.75
19.459999
19.200001
18.74
18.719999
18.700001
18.200001
18.9
19.110001
18.969999
18.85
17.559999
17.01
17.93
18.15
18.42
18.26
17.610001
17.99
18.32
18.799999
19.02
19.629999
19.32
19.67
19.5
18.84
18.219999
17.959999
17.440001
17.450001
17.08
16.5
16.17
15.83
16.549999
16.34
16.639999
17.040001
16.379999
16.200001
16.139999
16.35
15.65
15.55
15.18
14.73
15.0
15.49
15.69
15.29
14.29
14.7
15.21
14.59
14.33
14.26
14.09
13.81
14.42
15.25
15.19
16.549999
14.12
14.29
14.5
15.53
15.47
16.280001
16.66
16.6
17.280001
16.93
17.379999
17.51
18.48
19.23
18.77
19.23
19.08
18.879999
18.16
18.309999
18.23
19.290001
18.92
19.18
18.58
19.17
20.370001
20.389999
20.559999
20.700001
21.1
21.299999
22.09
20.91
20.049999
20.15
19.02
18.5
18.5
18.41
18.58
18.0
18.24
18.309999
17.6
17.48
17.41
17.4
17.15
17.24
16.84
16.549999
15.82
16.73
16.85
17.459999
17.65
17.299999
17.379999
17.5
17.98
17.84
18.01
17.530001
16.950001
16.59
16.690001
16.780001
16.49
16.129999
16.280001
16.690001
16.700001
15.85
15.98
15.78
16.15
15.71
15.63
15.45
15.53
15.42
15.6
16.200001
16.75
17.059999
17.1
17.049999
17.1
16.790001
16.85
16.77
17.290001
17.309999
16.91
17.09
16.99
16.190001
16.1
16.1
16.209999
17.360001
17.440001
18.18
18.290001
18.200001
18.610001
19.01
18.32
18.24
18.049999
17.82
17.65
16.82
16.65
17.6
18.0
17.68
18.09
17.48
17.43
16.98
17.379999
17.200001
17.34
18.32
18.690001
18.790001
19.02
19.559999
19.35
18.59
18.879999
19.27
18.91
18.76
19.08
19.43
19.68
19.540001
19.27
19.58
20.030001
19.959999
19.969999
20.110001
20.0
19.309999
18.85
18.889999
19.059999
18.99
19.790001
20.1
20.969999
21.01
21.16
21.120001
21.5
21.950001
22.92
21.780001
21.98
21.959999
22.34
22.059999
21.940001
22.01
21.969999
21.92
21.42
20.969999
20.74
20.83
20.76
21.129999
21.299999
21.5
22.32
22.309999
22.98
23.4
23.99
23.299999
23.5
24.58
24.77
25.5
25.1
25.15
24.629999
24.530001
24.9
25.17
24.940001
25.129999
25.23
24.870001
25.35
25.07
25.23
25.120001
24.549999
24.299999
24.219999
24.129999
24.4
25.0
25.17
25.25
26.23
26.540001
26.74
26.780001
29.040001
27.76
27.74
28.08
28.35
28.65
28.84
28.969999
28.74
29.1
29.200001
29.129999
28.49
28.35
28.389999
28.450001
28.99
29.379999
29.280001
29.360001
28.77
29.0
29.0
28.35
27.84
28.4
28.17
28.73
28.950001
29.799999
29.799999
29.99
30.0
30.389999
30.49
30.940001
31.1
32.779999
32.259998
32.389999
32.209999
32.330002
32.5
31.389999
31.18
31.549999
32.740002
32.919998
33.279999
33.130001
34.110001
34.0
33.880001
34.220001
34.509998
34.139999
33.439999
34.290001
33.990002
33.98
32.580002
32.630001
32.610001
32.790001
32.369999
33.490002
33.740002
33.599998
33.630001
34.139999
34.400002
34.34
33.709999
32.73
32.290001
31.93
30.49
30.99
31.18
31.530001
30.450001
30.57
30.99
31.15
30.790001
31.139999
31.26
31.540001
32.209999
32.369999
32.490002
32.599998
32.970001
33.0
34.0
34.349998
34.599998
34.330002
34.389999
33.849998
33.41
33.380001
33.060001
32.299999
32.360001
32.009998
32.490002
32.349998
32.200001
31.559999
30.99
30.950001
31.43
31.0
30.440001
30.940001
31.1
30.91
31.16
31.379999
31.190001
30.889999
30.959999
31.1
30.1
30.030001
29.43
29.77
29.870001
29.73
29.75
30.139999
29.66
29.700001
29.379999
29.1
28.1
28.25
27.790001
27.73
27.59
27.51
27.9
27.809999
27.370001
26.49
26.700001
26.870001
27.799999
27.85
27.950001
27.540001
27.469999
27.780001
28.120001
28.559999
28.450001
28.129999
28.139999
27.77
27.879999
27.610001
27.42
26.82
26.74
26.91
26.5
26.75
27.57
27.58
27.290001
27.059999
26.73
26.35
26.35
26.629999
26.58
26.129999
26.83
26.67
27.780001
27.77
27.610001
27.49
27.299999
27.469999
27.950001
27.620001
27.75
27.92
28.309999
28.48
28.540001
28.98
28.719999
28.42
27.9
28.5
28.77
29.01
28.85
28.68
28.35
28.65
28.389999
28.040001
27.9
28.209999
28.09
28.559999
28.6
28.1
27.969999
27.620001
27.9
27.48
26.860001
26.280001
26.58
26.549999
26.73
26.32
26.49
24.17
23.57
23.469999
23.25
23.27
23.52
23.49
23.16
23.09
23.440001
23.559999
24.450001
24.639999
24.940001
24.99
24.27
24.209999
23.469999
22.99
22.73
22.26
22.049999
21.66
21.92
21.860001
22.24
22.27
21.950001
22.1
22.200001
22.129999
21.91
22.27
22.040001
21.49
21.700001
21.719999
20.18
20.25
20.059999
20.33
20.700001
21.18
20.959999
20.620001
20.6
20.620001
21.25
21.35
21.049999
20.610001
20.700001
20.42
20.35
20.26
20.379999
20.92
21.35
21.48
21.299999
21.57
21.27
20.84
20.52
21.530001
21.049999
20.83
20.799999
21.309999
21.459999
21.91
21.77
21.549999
21.459999
22.219999
22.610001
22.5
22.49
22.83
23.120001
22.879999
23.379999
23.41
23.25
23.040001
23.27
23.76
23.790001
23.879999
24.540001
24.99
24.73
24.120001
23.93
23.68
23.620001
23.6
23.09
23.1
23.4
24.5
24.190001
24.25
23.52
23.110001
22.9
22.809999
23.299999
23.459999
23.379999
23.1
23.08
23.5
23.809999
23.6
23.700001
23.540001
23.540001
23.43
23.49
23.790001
23.209999
22.780001
22.73
22.93
23.02
22.780001
23.33
23.209999
23.129999
22.950001
22.969999
22.83
22.709999
22.540001
22.540001
22.59
22.52
22.57
22.549999
22.75
22.76
22.639999
23.02
23.18
23.5
23.48
23.59
24.34
24.389999
24.629999
24.4
24.32
24.08
24.41
23.93
23.719999
24.120001
24.49
24.76
24.799999
24.6
25.01
25.469999
25.43
25.23
25.120001
25.1
24.43
24.42
24.040001
23.67
23.66
23.66
23.66
23.51
23.610001
23.65
23.4
23.540001
23.540001
23.440001
23.110001
23.25
23.309999
23.42
23.700001
23.34
23.25
23.18
22.799999
22.5
22.49
22.690001
23.440001
23.389999
23.309999
23.549999
23.9
23.620001
23.620001
23.59
23.57
23.91
24.200001
24.48
24.5
24.799999
24.83
24.799999
25.049999
25.299999
25.35
25.719999
26.030001
26.059999
26.389999
26.639999
26.98
27.049999
27.389999
27.4
27.379999
27.52
27.74
27.75
27.440001
27.450001
27.200001
27.74
27.51
27.139999
27.15
26.98
27.299999
27.610001
27.17
27.26
27.41
27.530001
26.889999
26.26
26.440001
26.43
26.49
26.370001
26.76
26.99
26.559999
27.280001
27.700001
27.860001
27.799999
28.129999
28.33
28.32
28.84
27.450001
27.540001
27.24
26.91
27.0
27.129999
27.43
27.34
27.379999
27.629999
27.66
27.549999
27.09
26.98
27.190001
27.42
26.82
26.549999
26.67
26.280001
26.18
26.1
25.98
26.23
26.280001
26.09
25.66
25.6
25.83
25.700001
25.780001
25.629999
25.42
25.74
25.75
26.120001
25.870001
25.32
25.17
25.040001
24.709999
24.92
24.870001
25.049999
24.84
24.74
24.559999
24.5
24.42
24.17
24.52
24.68
24.959999
24.92
24.59
24.24
23.959999
23.889999
23.58
23.290001
23.469999
23.290001
23.48
23.99
23.709999
23.780001
23.85
23.32
23.299999
23.299999
23.190001
23.370001
23.690001
23.27
23.4
23.98
24.01
24.549999
24.66
24.860001
25.32
25.450001
25.41
25.360001
25.15
25.25
25.41
25.5
26.26
26.92
27.15
27.1
27.129999
26.860001
27.290001
27.49
27.280001
27.129999
26.690001
26.32
26.120001
26.82
26.889999
26.85
26.9
26.68
26.450001
26.1
26.190001
26.08
26.15
26.1
25.639999
25.549999
25.15
25.639999
25.940001
26.469999
26.629999
26.51
26.41
26.33
26.52
26.18
25.75
23.059999
22.870001
22.469999
21.93
21.59
21.42
21.75
21.9
21.93
21.709999
21.59
21.68
21.17
20.85
20.940001
20.84
21.25
21.34
21.440001
21.469999
21.469999
21.450001
21.040001
20.75
20.450001
20.49
20.530001
20.790001
21.01
21.0
20.84
20.48
20.559999
20.200001
20.190001
20.16
20.02
20.5
19.9
19.969999
20.08
19.77
19.950001
20.32
20.040001
20.16
19.82
19.92
19.860001
19.959999
20.030001
19.879999
19.700001
19.5
19.530001
19.6
19.559999
19.469999
19.459999
19.27
19.59
19.530001
19.48
19.6
19.940001
20.0
19.25
19.200001
19.58
20.200001
20.27
20.16
19.719999
19.870001
19.450001
19.65
20.219999
20.1
19.98
19.6
19.52
19.35
19.35
19.02
18.889999
18.48
18.450001
18.27
18.059999
18.059999
18.309999
18.219999
18.190001
18.15
18.309999
18.35
18.059999
17.790001
17.360001
17.26
17.35
17.290001
17.85
18.17
18.469999
18.639999
18.41
18.6
18.540001
18.290001
18.33
18.700001
18.709999
19.360001
19.32
19.389999
19.26
18.940001
18.950001
18.719999
18.67
18.58
18.08
18.1
18.120001
18.27
18.639999
18.0
17.4
17.66
17.77
17.74
17.879999
18.26
18.16
17.889999
17.790001
17.5
17.67
17.49
17.65
17.83
17.82
17.790001
18.040001
18.18
18.690001
18.700001
18.530001
18.35
18.41
18.559999
18.57
19.0
19.450001
19.700001
20.0
19.84
19.950001
20.02
19.82
19.5
19.540001
19.559999
19.870001
19.99
19.82
19.959999
19.75
19.700001
19.690001
19.66
19.360001
19.51
19.98
20.75
20.83
20.950001
20.75
20.790001
20.879999
20.98
20.700001
20.790001
21.02
21.280001
21.549999
21.85
22.030001
21.23
21.629999
21.190001
21.450001
21.6
21.84
21.84
21.83
21.77
21.33
21.43
21.42
20.92
20.690001
20.91
21.17
20.9
20.969999
20.639999
21.07
21.93
22.370001
22.41
22.5
22.35
22.27
21.84
21.75
21.49
21.129999
21.450001
21.49
21.4
21.450001
21.4
21.209999
21.25
20.85
20.92
20.84
20.889999
21.139999
21.200001
21.299999
20.719999
20.940001
20.67
20.43
20.290001
20.5
20.48
20.530001
20.879999
21.33
21.15
21.34
21.209999
21.620001
22.049999
22.15
22.299999
21.5
20.9
20.870001
21.02
20.879999
20.879999
21.040001
20.9
21.139999
21.129999
21.02
21.139999
21.25
21.41
21.49
21.67
21.42
21.540001
20.98
20.950001
21.299999
21.35
21.4
21.32
20.99
21.07
21.0
21.0
20.6
20.200001
19.799999
19.6
19.459999
19.4
19.450001
19.32
19.42
19.639999
19.49
19.24
19.299999
19.219999
19.280001
19.129999
19.360001
19.309999
19.360001
19.34
19.27
19.049999
19.1
19.18
19.24
19.4
19.440001
19.58
20.24
20.74
20.73
20.549999
20.48
20.73
21.0
21.48
21.9
22.200001
22.129999
22.09
22.299999
22.219999
22.09
21.85
21.83
22.07
22.129999
22.02
22.129999
22.200001
22.51
22.700001
22.4
22.440001
22.360001
22.24
22.459999
22.75
22.889999
23.08
23.139999
22.75
22.299999
22.43
22.299999
22.190001
22.6
22.540001
22.24
21.969999
21.629999
21.879999
22.08
22.5
22.879999
23.530001
24.25
24.309999
24.450001
24.35
24.379999
24.23
23.889999
23.719999
23.85
24.17
24.219999
24.299999
24.6
24.690001
24.85
25.02
25.18
24.9
26.0
26.0
26.040001
26.52
25.34
25.32
25.299999
24.969999
24.9
24.719999
24.440001
24.049999
24.15
24.18
23.959999
24.43
24.49
24.200001
24.32
24.77
24.74
24.34
24.32
24.379999
23.99
23.59
24.0
24.290001
24.049999
24.200001
24.32
24.879999
24.709999
24.51
25.200001
25.620001
25.799999
26.43
26.200001
26.23
25.74
26.219999
25.889999
25.85
25.639999
25.190001
25.08
25.49
25.780001
25.959999
26.049999
26.24
26.17
26.360001
26.1
26.02
26.549999
26.58
26.049999
25.83
25.940001
25.76
25.860001
25.93
26.18
25.68
26.07
25.98
26.98
26.98
26.85
26.690001
26.82
26.389999
26.25
26.450001
26.35
26.370001
26.9
27.08
26.959999
27.030001
27.52
27.540001
26.969999
25.65
25.57
26.139999
26.52
26.059999
25.780001
25.6
25.75
25.290001
25.1
25.32
25.16
26.309999
26.469999
26.66
26.780001
26.52
27.459999
27.99
27.9
27.879999
27.82
27.719999
27.5
26.84
26.280001
26.139999
26.25
26.530001
26.959999
27.370001
27.469999
27.42
27.27
27.0
26.34
25.4
23.6
23.030001
23.129999
22.870001
22.700001
22.360001
23.200001
23.200001
20.389999
20.049999
19.65
19.0
20.209999
20.74
21.280001
20.299999
20.610001
21.219999
21.34
21.82
21.75
20.870001
20.43
20.360001
20.33
20.82
20.99
21.280001
20.99
20.540001
20.68
20.51
20.99
20.5
19.98
20.870001
20.889999
20.719999
20.389999
20.379999
20.049999
20.23
20.219999
20.389999
20.5
21.219999
21.49
21.49
21.440001
21.15
21.75
21.73
21.76
22.450001
22.4
22.07
21.91
21.43
21.33
22.0
22.030001
22.1
22.18
22.09
21.540001
21.43
22.440001
21.91
21.299999
20.940001
22.48
22.299999
22.629999
22.58
22.41
22.57
23.02
22.639999
22.84
22.799999
22.76
23.41
23.66
23.889999
23.709999
23.74
23.610001
23.57
23.709999
23.93
24.290001
24.99
25.0
25.290001
24.620001
24.200001
24.129999
23.82
23.719999
23.809999
23.32
23.549999
23.379999
23.690001
23.68
24.0
23.700001
23.1
22.9
22.639999
22.610001
22.700001
23.08
23.01
22.68
23.1
22.74
22.709999
22.809999
23.0
22.52
21.84
21.9
21.83
21.809999
20.799999
21.26
21.129999
20.9
20.77
21.18
21.15
21.18
21.15
22.4
22.17
22.25
22.120001
22.620001
22.139999
22.08
22.0
22.25
22.450001
22.6
22.52
22.65
23.049999
23.030001
24.049999
24.299999
24.74
24.59
24.75
24.49
24.5
24.379999
24.08
23.799999
23.27
23.52
23.360001
23.18
23.58
23.709999
23.4
23.48
22.59
21.51
20.84
21.1
20.9
20.719999
20.200001
20.209999
20.18
19.85
19.5
19.690001
20.219999
19.51
19.209999
19.02
19.0
19.4
19.0
18.799999
18.690001
18.26
17.91
17.42
17.4
16.83
17.049999
15.89
17.08
17.459999
16.42
15.97
16.309999
16.110001
15.89
15.19
14.95
14.85
14.86
15.91
15.77
16.43
16.49
16.34
16.389999
16.120001
14.78
14.76
15.06
14.18
13.97
14.44
14.12
13.48
13.23
13.26
13.15
13.17
13.7
13.85
13.99
14.03
13.57
13.33
13.67
13.49
13.35
14.01
14.69
14.8
14.6
14.83
14.94
15.68
15.52
15.19
14.82
14.58
14.49
14.33
14.31
14.35
14.8
14.92
15.25
15.29
15.51
15.06
14.57
14.6
14.3
14.18
13.63
13.45
13.96
13.74
13.26
13.07
13.39
13.58
13.95
14.27
13.85
13.5
13.71
13.79
14.56
14.4
14.88
15.05
15.15
14.32
14.0
14.26
13.73
13.7
13.38
13.02
12.91
12.81
13.48
13.6
13.14
13.02
12.63
13.05
12.86
12.92
13.0
13.95
14.1
14.6
14.7
14.85
14.9
15.41
15.39
15.4
15.54
15.41
15.71
15.89
15.66
15.1
15.37
15.32
16.0
15.96
15.87
15.78
15.73
16.07
16.09
16.389999
15.68
15.93
15.89
15.37
15.52
16.110001
15.79
15.74
15.63
15.41
15.55
16.16
15.85
16.74
16.530001
16.440001
16.370001
15.93
15.63
15.53
15.47
15.69
15.61
15.55
15.91
16.049999
15.43
15.26
15.51
15.86
15.72
15.79
16.59
16.540001
16.040001
16.25
16.450001
16.1
16.610001
16.610001
16.700001
16.309999
16.17
16.190001
16.290001
16.219999
16.18
16.17
15.99
16.32
16.35
16.43
16.66
16.639999
17.309999
16.950001
16.84
16.93
16.360001
16.280001
16.219999
16.540001
16.889999
18.190001
18.59
18.809999
18.93
18.92
19.280001
19.58
19.4
19.49
19.459999
19.440001
19.799999
19.559999
19.559999
19.379999
19.299999
19.18
19.0
18.83
18.950001
19.09
19.08
19.0
18.58
18.870001
18.889999
18.809999
18.92
19.0
19.25
19.49
19.530001
20.65
20.379999
20.58
19.83
19.629999
19.690001
19.99
20.15
20.08
19.940001
19.49
19.709999
19.75
19.889999
19.700001
19.76
19.73
20.24
20.0
19.59
19.93
19.780001
19.790001
19.530001
19.219999
19.27
19.780001
19.870001
19.98
20.32
20.65
20.690001
21.27
20.93
20.57
20.48
20.58
20.42
20.18
20.4
20.040001
20.129999
19.75
19.41
19.34
19.15
18.65
18.83
19.110001
19.110001
19.459999
19.690001
19.9
20.5
19.950001
20.32
20.35
20.280001
19.4
19.309999
19.5
19.5
19.5
19.25
19.26
19.690001
19.84
20.08
20.59
20.51
20.280001
20.08
20.23
20.23
20.110001
20.059999
19.799999
19.290001
19.709999
20.33
20.299999
20.24
20.35
20.5
20.48
20.6
20.719999
21.030001
20.99
20.93
20.76
20.889999
21.15
20.9
21.08
21.549999
21.4
21.17
21.139999
21.309999
20.790001
20.58
20.379999
20.33
20.389999
20.23
19.75
20.040001
19.879999
19.58
19.58
19.790001
19.889999
19.870001
20.200001
20.68
20.85
20.860001
20.85
20.969999
20.959999
20.950001
20.809999
20.66
20.68
20.940001
21.09
20.82
20.610001
20.84
20.879999
21.200001
21.290001
21.27
21.370001
21.32
22.040001
22.35
22.35
22.389999
22.299999
22.75
22.67
22.73
22.59
22.49
22.540001
22.5
22.639999
22.65
22.48
22.68
22.41
22.57
22.73
22.82
23.690001
24.370001
24.16
24.040001
24.25
24.129999
24.059999
24.059999
24.129999
23.879999
23.459999
23.51
23.459999
23.440001
22.950001
22.379999
22.379999
21.700001
22.559999
22.860001
23.139999
23.17
22.209999
22.049999
22.23
21.709999
21.24
21.17
21.219999
20.870001
21.5
21.799999
21.75
21.74
21.83
22.0
21.6
21.030001
20.23
20.6
20.6
20.75
21.139999
21.559999
21.65
21.690001
21.65
21.690001
21.33
21.02
20.790001
20.41
20.59
20.049999
20.030001
19.620001
19.370001
19.76
20.17
20.360001
20.280001
20.65
22.280001
22.25
21.59
21.48
21.610001
21.73
21.65
21.98
21.719999
21.74
21.74
21.690001
21.48
20.92
21.280001
21.030001
20.860001
20.790001
20.809999
20.790001
20.17
19.58
19.73
19.49
19.559999
19.870001
19.780001
19.129999
19.0
18.98
18.68
18.59
18.610001
18.52
18.309999
17.92
18.27
18.33
18.59
18.41
18.049999
18.08
18.1
18.559999
18.799999
18.77
18.98
19.08
18.959999
19.27
19.25
19.309999
19.450001
19.43
19.57
19.620001
19.6
20.35
19.299999
19.290001
19.370001
19.540001
19.58
19.75
19.799999
20.030001
19.459999
19.469999
19.32
19.389999
19.780001
19.860001
19.93
20.0
20.110001
20.200001
20.530001
20.559999
20.67
20.700001
20.52
21.02
21.290001
21.5
21.35
21.17
21.23
21.809999
21.66
21.27
21.219999
21.24
21.200001
21.280001
21.219999
21.57
21.43
21.450001
21.299999
21.6
21.77
21.780001
21.76
21.860001
21.9
22.07
21.98
22.02
21.559999
21.5
21.389999
21.49
21.43
21.27
21.02
20.92
20.860001
20.93
21.059999
21.08
21.059999
21.049999
21.200001
21.209999
20.82
20.77
20.77
21.120001
21.33
21.32
21.42
21.200001
21.129999
20.950001
21.040001
21.24
21.57
21.9
21.940001
21.889999
21.639999
21.700001
21.709999
21.65
21.700001
21.860001
21.68
21.6
21.84
21.85
21.799999
21.549999
21.879999
22.059999
22.209999
22.190001
21.719999
21.41
22.0
21.84
21.690001
21.700001
21.879999
22.08
21.74
21.26
21.34
21.02
20.959999
20.879999
20.33
20.370001
20.059999
20.15
20.389999
20.209999
20.360001
20.51
20.6
20.66
20.290001
20.459999
20.370001
20.379999
19.799999
19.879999
19.950001
20.09
20.200001
20.200001
20.07
19.950001
19.66
19.75
19.74
19.98
21.440001
21.49
22.01
22.530001
22.68
22.870001
23.190001
23.18
23.459999
23.559999
23.860001
23.59
23.200001
23.200001
23.629999
23.83
23.799999
23.950001
23.57
23.959999
23.870001
23.540001
23.030001
22.91
22.83
22.639999
22.52
22.639999
22.48
22.33
22.1
21.950001
22.440001
22.129999
22.01
21.799999
21.6
21.92
21.83
21.790001
21.68
21.42
21.690001
21.610001
21.719999
21.74
21.48
21.540001
21.57
22.219999
22.58
22.690001
22.82
23.389999
23.200001
22.98
22.719999
22.73
22.700001
22.559999
22.43
23.1
23.219999
22.879999
23.25
23.280001
23.15
22.75
22.879999
22.620001
22.690001
22.190001
21.969999
21.809999
21.200001
20.870001
20.620001
20.51
21.0
20.91
20.93
21.07
20.98
20.18
19.959999
19.68
19.709999
19.879999
19.879999
19.969999
20.309999
20.35
20.41
20.35
19.93
19.58
20.139999
20.299999
20.219999
20.290001
20.9
21.4
21.67
22.09
22.059999
22.469999
22.5
21.9
22.27
22.440001
22.98
22.709999
22.6
22.07
21.4
21.27
21.969999
22.049999
22.5
22.889999
23.0
23.280001
23.459999
23.5
23.6
23.49
24.5
23.879999
24.25
24.790001
24.85
24.84
25.200001
25.030001
24.92
24.35
24.059999
24.23
24.07
24.309999
24.77
24.32
24.25
24.9
24.9
25.459999
25.5
24.950001
24.43
24.15
23.530001
23.139999
23.219999
23.57
23.9
24.940001
24.969999
25.139999
25.200001
25.48
25.780001
25.530001
25.1
24.290001
24.059999
23.559999
23.67
23.889999
23.48
23.98
24.09
24.1
24.4
24.700001
24.559999
24.58
24.620001
24.889999
25.129999
25.450001
25.4
25.559999
25.92
25.889999
25.9
25.719999
25.4
25.48
25.68
26.469999
26.889999
26.98
26.950001
27.0
26.84
26.799999
26.799999
26.84
26.74
26.950001
26.73
26.74
26.99
27.0
26.790001
26.84
26.780001
26.879999
26.950001
27.5
27.370001
27.35
26.860001
26.799999
27.200001
27.299999
27.299999
27.139999
27.030001
26.91
26.629999
27.0
27.040001
27.17
27.08
27.5
27.9
27.85
27.959999
27.9
27.9
27.889999
27.950001
27.99
28.26
28.280001
28.25
28.18
28.450001
28.450001
28.370001
28.030001
28.1
27.9
27.860001
28.0
28.52
28.389999
28.549999
28.780001
28.110001
28.09
27.969999
27.57
27.6
27.91
28.299999
28.530001
28.540001
29.049999
29.27
29.27
28.379999
27.98
27.6
27.35
27.459999
27.950001
27.4
27.25
26.99
26.66
26.57
26.190001
26.280001
25.51
25.780001
25.85
26.32
26.190001
26.07
25.709999
25.360001
25.57
26.110001
26.43
26.48
26.629999
26.540001
26.870001
27.059999
27.440001
27.610001
27.629999
27.75
27.59
26.959999
26.65
26.280001
26.34
26.030001
26.65
26.73
26.860001
26.84
26.5
26.209999
26.42
25.620001
25.17
25.389999
25.309999
25.66
26.42
26.35
26.0
25.360001
25.219999
25.530001
25.84
26.07
26.200001
26.040001
26.0
26.26
26.35
26.559999
26.639999
26.74
26.889999
26.9
26.83
26.809999
26.469999
26.65
26.629999
26.33
26.34
26.01
25.59
25.07
24.940001
25.01
24.959999
24.639999
25.0
25.059999
24.780001
25.1
24.700001
24.6
23.65
23.58
23.41
23.540001
23.440001
23.52
23.51
23.18
23.27
22.950001
22.969999
22.75
23.139999
23.059999
23.17
23.0
22.969999
22.620001
22.9
22.620001
22.190001
22.0
21.879999
21.85
21.9
22.469999
21.98
21.860001
21.690001
21.57
21.77
21.74
21.75
22.02
22.09
22.41
22.540001
22.110001
22.0
21.549999
21.129999
21.139999
20.91
20.82
20.5
20.290001
20.26
20.450001
19.879999
19.549999
19.84
19.92
20.190001
20.110001
20.040001
19.77
19.92
20.049999
20.02
20.290001
20.360001
20.17
20.74
20.99
20.92
20.74
20.690001
20.99
21.309999
21.24
20.85
20.73
20.93
20.76
20.49
20.66
21.379999
21.48
21.389999
21.450001
21.559999
21.469999
21.82
22.07
22.129999
22.129999
22.200001
23.059999
21.440001
21.290001
21.219999
21.18
21.07
21.09
21.299999
21.459999
21.32
21.360001
21.379999
21.33
21.200001
20.969999
21.09
21.059999
21.25
21.299999
21.280001
21.299999
21.209999
21.1
20.76
20.49
20.65
20.85
21.040001
21.08
21.190001
21.290001
21.59
21.790001
21.99
22.040001
21.74
21.73
21.700001
21.85
21.700001
21.49
21.360001
21.360001
21.139999
21.34
21.42
21.77
21.98
21.91
21.700001
21.58
21.5
21.190001
20.969999
21.09
21.889999
22.42
21.91
21.799999
21.709999
21.93
22.139999
22.4
22.450001
22.940001
23.450001
23.790001
23.870001
23.559999
23.83
24.0
24.17
24.15
24.219999
24.209999
24.25
24.290001
24.57
24.540001
24.49
24.17
24.200001
24.4
24.219999
24.25
24.25
24.530001
24.120001
24.040001
24.4
24.379999
24.5
24.709999
25.450001
25.98
25.280001
24.940001
24.700001
25.09
25.08
25.0
25.01
25.139999
25.35
25.65
25.68
24.75
24.35
24.219999
23.940001
24.24
24.35
24.41
24.42
24.040001
23.9
24.08
23.91
23.42
23.299999
24.0
24.0
23.969999
24.299999
24.43
23.610001
23.15
23.120001
22.99
23.0
23.059999
23.26
23.299999
23.5
23.459999
23.49
23.219999
23.02
22.93
22.790001
22.780001
22.549999
22.700001
22.700001
22.74
22.41
22.190001
22.700001
22.68
22.58
22.389999
22.57
22.52
22.219999
22.41
22.43
22.25
22.24
22.780001
22.73
22.82
23.030001
23.129999
22.98
22.84
23.459999
23.709999
23.889999
23.92
24.09
23.959999
23.85
23.85
23.809999
23.799999
23.389999
23.17
23.040001
22.9
22.84
22.85
23.0
22.879999
22.959999
23.219999
23.26
23.49
23.59
23.74
23.940001
23.98
24.17
24.200001
24.049999
23.969999
24.24
24.49
24.67
24.68
24.73
24.65
24.4
24.110001
24.309999
24.379999
24.120001
24.290001
24.5
24.620001
24.5
24.549999
24.700001
24.870001
24.82
25.290001
24.51
24.02
23.84
23.92
23.99
24.0
23.73
23.85
24.35
25.25
25.08
24.969999
24.879999
24.889999
24.49
24.709999
24.77
25.200001
25.24
25.35
25.43
25.620001
25.700001
25.799999
25.85
26.040001
25.82
25.9
25.790001
25.73
25.709999
25.549999
25.85
25.99
26.549999
27.120001
26.74
25.860001
25.799999
25.540001
25.25
25.190001
24.99
25.049999
24.959999
24.889999
24.65
24.51
24.040001
23.76
24.08
24.26
24.370001
24.52
24.690001
24.74
24.76
24.780001
24.719999
24.85
24.959999
24.879999
24.709999
24.98
24.799999
24.85
24.59
24.780001
24.709999
24.65
24.85
24.889999
24.85
24.879999
25.0
24.65
24.82
24.9
25.25
25.59
25.68
25.379999
25.67
25.74
25.75
25.809999
26.059999
26.0
26.049999
26.459999
26.73
26.74
26.98
27.02
27.09
26.59
26.65
26.83
27.24
27.16
27.049999
26.98
26.969999
26.959999
26.719999
26.389999
26.66
26.700001
26.67
26.639999
26.26
26.379999
26.450001
26.530001
26.41
26.540001
26.540001
26.52
26.5
26.07
26.09
26.17
26.25
26.27
26.299999
26.74
26.940001
26.959999
27.32
27.35
27.700001
27.76
27.66
28.209999
28.42
28.33
28.209999
28.1
30.059999
30.15
30.1
29.98
30.09
30.200001
30.309999
30.83
31.0
30.9
31.0
31.0
31.09
31.049999
31.360001
31.200001
31.08
30.98
31.33
31.450001
31.58
31.799999
34.740002
34.360001
33.84
34.23
34.830002
34.709999
34.669998
34.369999
34.32
34.369999
34.57
34.25
34.029999
34.09
33.779999
33.189999
33.150002
33.0
33.240002
33.150002
34.150002
34.23
34.209999
34.470001
34.5
34.509998
35.189999
35.200001
35.150002
35.049999
34.939999
34.810001
34.939999
34.91
34.880001
35.09
35.119999
35.560001
35.290001
35.130001
35.02
34.91
34.77
35.080002
35.200001
35.169998
35.220001
35.029999
34.709999
34.849998
34.790001
34.360001
34.990002
35.0
34.779999
34.0
34.18
34.48
34.049999
34.369999
34.43
32.860001
32.369999
32.669998
31.65
31.51
31.709999
31.700001
32.619999
32.869999
32.91
33.330002
33.299999
33.75
33.970001
33.610001
34.009998
34.48
34.779999
34.099998
34.23
34.0
33.490002
33.540001
33.419998
33.860001
33.970001
34.25
34.900002
34.790001
35.970001
36.459999
36.43
36.48
36.990002
37.689999
37.619999
37.599998
37.889999
37.459999
37.900002
37.73
37.09
37.02
37.209999
36.82
36.779999
36.5
36.330002
37.02
37.16
37.259998
37.700001
37.599998
37.740002
37.52
37.189999
37.040001
37.16
36.450001
36.23
36.07
37.0
37.110001
37.0
37.490002
36.91
36.880001
36.66
36.459999
36.68
37.0
37.029999
36.299999
34.720001
34.700001
34.279999
33.990002
33.75
34.049999
33.84
33.990002
34.0
33.240002
33.73
33.759998
34.130001
34.369999
34.75
34.709999
34.419998
34.57
34.5
34.490002
34.150002
33.880001
33.639999
34.130001
34.380001
34.41
34.5
33.68
33.27
32.41
32.959999
31.6
30.98
31.110001
30.73
31.200001
31.1
31.620001
31.790001
31.32
30.889999
30.4
33.0
32.099998
31.93
31.32
31.23
31.25
31.59
31.559999
31.620001
31.940001
32.049999
31.940001
32.990002
32.990002
32.700001
32.790001
32.970001
32.720001
32.41
32.48
32.689999
33.040001
33.0
32.849998
33.490002
33.5
33.099998
32.790001
32.630001
32.880001
32.709999
32.5
32.900002
33.130001
33.119999
33.41
33.380001
33.5
33.560001
33.509998
33.290001
33.849998
34.150002
34.75
34.59
33.75
33.240002
32.720001
32.299999
31.950001
31.66
32.16
32.099998
32.099998
31.51
31.76
32.09
32.5
32.57
32.389999
32.34
32.150002
32.32
31.530001
30.98
30.690001
30.549999
30.92
30.450001
29.93
29.67
29.889999
29.35
29.82
30.110001
29.99
30.48
29.799999
29.620001
29.26
28.85
28.969999
28.639999
28.42
29.18
29.129999
29.450001
29.120001
29.35
29.15
29.389999
29.23
28.959999
29.68
29.48
29.57
29.450001
29.040001
29.200001
29.049999
28.799999
28.24
27.629999
27.629999
27.15
27.34
27.91
28.610001
29.129999
28.17
28.6
29.42
28.9
29.5
30.120001
29.66
29.52
29.530001
29.940001
29.790001
30.200001
29.42
29.34
28.9
29.09
28.67
29.120001
29.360001
29.35
30.32
30.280001
30.530001
31.379999
31.85
32.419998
32.599998
32.549999
32.32
32.48
32.93
33.060001
33.200001
33.619999
33.700001
34.049999
34.5
35.029999
34.959999
34.549999
34.709999
34.290001
34.290001
